Iteration      Error
1         [163.87012763]
2         [159.52116263]
3         [156.24460927]
4         [153.77019168]
5         [151.89518013]
6         [150.4680199]
7         [149.37560634]
8         [148.53358008]
9         [147.87901297]
10         [147.36493537]
11         [146.95625833]
12         [146.6267415]
13         [146.35674029]
14         [146.1315319]
15         [145.94007042]
16         [145.77406028]
17         [145.62726555]
18         [145.49499455]
19         [145.37371465]
20         [145.26076404]
21         [145.15413575]
22         [145.05231572]
23         [144.95416109]
24         [144.85880885]
25         [144.76560695]
26         [144.67406261]
27         [144.58380323]
28         [144.49454701]
29         [144.4060807]
30         [144.31824292]
31         [144.23091145]
32         [144.14399371]
33         [144.05741953]
34         [143.97113566]
35         [143.88510172]
36         [143.79928701]
37         [143.71366816]
38         [143.62822739]
39         [143.5429511]
40         [143.45782889]
41         [143.37285276]
42         [143.28801655]
43         [143.20331547]
44         [143.11874578]
45         [143.03430454]
46         [142.94998941]
47         [142.86579849]
48         [142.78173024]
49         [142.69778339]
50         [142.61395684]
51         [142.53024967]
52         [142.44666106]
53         [142.36319028]
54         [142.27983667]
55         [142.19659961]
56         [142.11347853]
57         [142.03047288]
58         [141.94758216]
59         [141.86480584]
60         [141.78214346]
61         [141.69959452]
62         [141.61715856]
63         [141.53483512]
64         [141.45262375]
65         [141.37052399]
66         [141.28853539]
67         [141.20665753]
68         [141.12488994]
69         [141.04323221]
70         [140.9616839]
71         [140.88024457]
72         [140.7989138]
73         [140.71769117]
74         [140.63657624]
75         [140.55556859]
76         [140.47466781]
77         [140.39387347]
78         [140.31318516]
79         [140.23260248]
80         [140.15212499]
81         [140.0717523]
82         [139.99148399]
83         [139.91131966]
84         [139.83125891]
85         [139.75130132]
86         [139.67144651]
87         [139.59169407]
88         [139.5120436]
89         [139.4324947]
90         [139.35304699]
91         [139.27370007]
92         [139.19445356]
93         [139.11530706]
94         [139.03626018]
95         [138.95731254]
96         [138.87846377]
97         [138.79971347]
98         [138.72106127]
99         [138.64250679]
100         [138.56404965]
final weight matrix between hidden and output neurons is
[[-0.26586665]
 [ 0.08153171]
 [ 0.41828901]
 [ 0.70739989]
 [-0.86207476]
 [-0.66935565]
 [-0.46762576]
 [ 0.88447571]]

final weight matrix between input and hidden neurons is
[[-0.53111125  0.93098476 -0.32780136 -0.39970048  0.3460307  -0.78960594
   0.2181734  -0.12485353]
 [ 0.83608969  0.13404046  0.15249234  0.1809827   0.78798174  0.67393951
  -0.91989951  0.15148331]
 [-0.76526284 -0.11583444 -0.24043703  0.81360126  0.13827416 -0.15896335
   0.35311431 -0.0532669 ]
 [ 0.47931313 -0.05155698 -0.9419843  -0.38527294 -0.02166099  0.35413753
  -0.32021265  0.92509224]
 [-0.10519259 -0.37488194  0.85742629  0.55331654 -0.81089807 -0.03634517
   0.18790365 -0.21908455]
 [ 0.19318004  0.71091077 -0.506469   -0.05924137 -0.29936085 -0.21478411
  -0.78946928  0.03788028]
 [-0.78368215 -0.798596    0.14361614 -0.76353529  0.15635933 -0.08356302
   0.57723945 -0.26429144]
 [ 0.93168882 -0.99883802  0.81241071  0.41942609 -0.66717661  0.69030079
   0.92209543 -0.51386743]
 [ 0.79300847 -0.12592715  0.89458827 -0.4843485  -0.65683256  0.53684999
  -0.97508123  0.09942099]]

Mean square error for testing pattern is 157.825263764688
Absolute error for testing pattern is 14.400041477914067
[[33.73 36.45 18.28 ... 17.34 66.1  14.5 ]]
