Iteration      Error
1         [396.32477179]
2         [357.51706612]
3         [322.66838542]
4         [291.83290089]
5         [264.91219511]
6         [241.68805926]
7         [221.85977347]
8         [205.07982405]
9         [190.98408353]
10         [179.21467014]
11         [169.43542464]
12         [161.340992]
13         [154.66093958]
14         [149.16036933]
15         [144.63828061]
16         [140.92465616]
17         [137.87696358]
18         [135.37652895]
19         [133.32505968]
20         [131.64146687]
21         [130.25905286]
22         [129.12307735]
23         [128.18868466]
24         [127.41915943]
25         [126.7844714]
26         [126.26006931]
27         [125.82588589]
28         [125.46552009]
29         [125.16556653]
30         [124.91506678]
31         [124.70506087]
32         [124.52822098]
33         [124.37855248]
34         [124.25114993]
35         [124.14199796]
36         [124.04780879]
37         [123.96588961]
38         [123.89403426]
39         [123.83043479]
40         [123.77360919]
41         [123.72234233]
42         [123.6756377]
43         [123.63267783]
44         [123.59279206]
45         [123.55543002]
46         [123.52013999]
47         [123.48655117]
48         [123.45435912]
49         [123.42331386]
50         [123.3932101]
51         [123.36387924]
52         [123.33518277]
53         [123.30700691]
54         [123.2792582]
55         [123.25185983]
56         [123.22474869]
57         [123.19787292]
58         [123.1711899]
59         [123.1446646]
60         [123.11826823]
61         [123.09197713]
62         [123.06577183]
63         [123.03963634]
64         [123.01355752]
65         [122.98752454]
66         [122.96152854]
67         [122.93556218]
68         [122.90961945]
69         [122.88369542]
70         [122.857786]
71         [122.83188786]
72         [122.80599824]
73         [122.78011485]
74         [122.75423585]
75         [122.72835969]
76         [122.70248509]
77         [122.67661102]
78         [122.6507366]
79         [122.62486114]
80         [122.59898403]
81         [122.57310478]
82         [122.54722301]
83         [122.52133836]
84         [122.49545056]
85         [122.46955938]
86         [122.44366461]
87         [122.41776611]
88         [122.39186373]
89         [122.36595735]
90         [122.34004688]
91         [122.31413223]
92         [122.28821332]
93         [122.2622901]
94         [122.23636251]
95         [122.21043051]
96         [122.18449404]
97         [122.15855307]
98         [122.13260756]
99         [122.10665749]
100         [122.08070283]
final weight matrix between hidden and output neurons is
[[ 0.53903576]
 [-0.40199949]
 [-0.49409591]
 [ 0.29540851]
 [-0.02067635]
 [-0.99945088]
 [ 0.18224477]]

final weight matrix between input and hidden neurons is
[[ 0.67417546  0.71973032 -0.74947143 -0.61560868 -0.38184145  0.96775316
  -0.73475189]
 [ 0.64284094 -0.95826564 -0.64636649 -0.22527194 -0.94681706 -0.80620667
  -0.39815947]
 [ 0.52207715 -0.8535882   0.4321319   0.11794688  0.92325831  0.20267144
   0.75314845]
 [-0.62253077  0.13648693 -0.32088936 -0.83111674  0.22454015  0.43898859
  -0.39022035]
 [-0.59447382 -0.26640318 -0.71854343 -0.34681592  0.93949445 -0.67579244
  -0.31619314]
 [ 0.26738461  0.72932051 -0.13989316  0.1959905  -0.91826069 -0.54101563
  -0.62712133]
 [-0.81583777  0.83720371  0.12944501  0.48154932 -0.28528535  0.17022766
   0.35434545]
 [ 0.55310366  0.07009001  0.61067222 -0.88365651 -0.40336434 -0.1343987
  -0.93900071]
 [-0.37850512  0.00735558 -0.95878198  0.61610021  0.33549376 -0.95802396
   0.61366258]]

Mean square error for testing pattern is 140.51840118198126
Absolute error for testing pattern is 13.621420435949595
[[33.73 36.45 18.28 ... 17.34 66.1  14.5 ]]
