Iteration      Error
1         [1269.11064072]
2         [1228.27588399]
3         [1182.31760657]
4         [1130.6678487]
5         [1072.82899209]
6         [1008.47410064]
7         [937.59044912]
8         [860.66040937]
9         [778.8485882]
10         [694.12713468]
11         [609.24007671]
12         [527.42050794]
13         [451.86645612]
14         [385.12848999]
15         [328.65621398]
16         [282.68672986]
17         [246.46934041]
18         [218.66290377]
19         [197.72101136]
20         [182.16099846]
21         [170.70275492]
22         [162.31107123]
23         [156.1833209]
24         [151.71389538]
25         [148.45368128]
26         [146.07316371]
27         [144.33209048]
28         [143.05587684]
29         [142.11783744]
30         [141.4260624]
31         [140.91383329]
32         [140.53266904]
33         [140.24729658]
34         [140.03201769]
35         [139.8680844]
36         [139.74180128]
37         [139.64315139]
38         [139.56479995]
39         [139.50137057]
40         [139.44891872]
41         [139.40454799]
42         [139.36613]
43         [139.33209975]
44         [139.30130583]
45         [139.27290068]
46         [139.24626016]
47         [139.22092445]
48         [139.19655467]
49         [139.17290103]
50         [139.14977931]
51         [139.12705365]
52         [139.10462381]
53         [139.08241582]
54         [139.06037509]
55         [139.0384613]
56         [139.01664469]
57         [138.99490326]
58         [138.97322077]
59         [138.95158517]
60         [138.92998759]
61         [138.90842143]
62         [138.8868818]
63         [138.86536508]
64         [138.84386856]
65         [138.82239023]
66         [138.80092857]
67         [138.77948245]
68         [138.75805101]
69         [138.73663359]
70         [138.71522968]
71         [138.69383889]
72         [138.6724609]
73         [138.65109546]
74         [138.62974237]
75         [138.60840144]
76         [138.58707253]
77         [138.56575551]
78         [138.54445026]
79         [138.52315667]
80         [138.50187463]
81         [138.48060406]
82         [138.45934486]
83         [138.43809695]
84         [138.41686024]
85         [138.39563464]
86         [138.37442007]
87         [138.35321646]
88         [138.33202371]
89         [138.31084176]
90         [138.28967052]
91         [138.26850991]
92         [138.24735986]
93         [138.22622028]
94         [138.20509109]
95         [138.18397223]
96         [138.16286361]
97         [138.14176516]
98         [138.12067679]
99         [138.09959844]
100         [138.07853002]
final weight matrix between hidden and output neurons is
[[-0.64766368]
 [ 0.20196595]
 [ 0.11341408]
 [ 0.18596412]
 [ 0.1710305 ]
 [-0.19139136]]

final weight matrix between input and hidden neurons is
[[ 0.92005524  0.76195617  0.83623224  0.08383279 -0.12876266  0.58304764]
 [ 0.76502595  0.9101658  -0.03709118 -0.21227413  0.95907562  0.00571862]
 [ 0.35696286  0.08167634  0.32746448 -0.25405756  0.2419286   0.5759434 ]
 [-0.84179108  0.52961857 -0.13288618  0.58996045 -0.15931137 -0.34558862]
 [-0.55514618  0.50882753  0.21736795  0.87723293  0.37868466  0.20477646]
 [-0.96162286  0.88274343  0.74777745  0.3032209   0.82085502  0.00685174]
 [-0.14706665 -0.72583234  0.66456924 -0.16744284 -0.95380331 -0.67218017]
 [ 0.92375681  0.64622463 -0.4062847   0.47489891  0.22568911 -0.7489509 ]
 [ 0.78240406 -0.95263414  0.51506995 -0.39846087  0.0045284  -0.65671825]]

Mean square error for testing pattern is 156.1666577335069
Absolute error for testing pattern is 14.3605353640635
[[33.73 36.45 18.28 ... 17.34 66.1  14.5 ]]
